Stock Change &&&& Sentiment
1.1436673223656566 0.140625
1.2847383785699555 0.0
1.7981925549980486 0.0856060606060606
-0.43685173114826 0.15
1.9998869719291192 -0.06666666666666667
-1.7544938628847133 -0.07272727272727272
1.2847383785699555 0.4
1.759622242829725 -0.25
1.7981925549980486 0.3
1.3215079160131715 0.0
-1.7544938628847133 0.16666666666666666
-0.21426056493117698 0.0625
1.9922216245855724 0.3333333333333333
-0.43685173114826 -0.032242063492063495
-3.123902229274983 0.5291666666666667
1.3215079160131715 0.06547619047619048
2.216872861785463 0.11111111111111112
2.216872861785463 0.140625
-1.7544938628847133 0.0
-1.3746492627640845 0.0856060606060606
1.9998869719291192 0.15
-0.21426056493117698 -0.06666666666666667
0.4830896677606754 -0.07272727272727272
-1.3746492627640845 0.4
1.9922216245855724 -0.25
-0.30749522941521995 0.3
-3.123902229274983 0.0
1.7981925549980486 0.16666666666666666
1.7981925549980486 0.0625
1.9922216245855724 0.3333333333333333
-0.43685173114826 -0.032242063492063495
1.759622242829725 0.5291666666666667
-0.9838179377201923 0.06547619047619048
-1.7544938628847133 0.11111111111111112
-0.30749522941521995 0.17992424242424243
-1.7544938628847133 0.004377104377104368
1.9998869719291192 0.3
1.759622242829725 0.39166666666666666
1.3215079160131715 0.125
1.1436673223656566 0.2579545454545455
1.9922216245855724 0.5
1.759622242829725 -0.125
2.216872861785463 -0.18124999999999997
1.1436673223656566 0.17698412698412697
-1.3746492627640845 0.014814814814814808
0.4830896677606754 0.0
1.1436673223656566 -0.05
0.1608910999602814 0.23579545454545453
1.9998869719291192 0.09999999999999998
-1.8162369512211236 -0.1
-0.21426056493117698 0.09166666666666667
-0.21426056493117698 0.1642857142857143
0.4830896677606754 0.2
1.4422430992632194 0.140625
-0.7629151258261991 0.0
1.420950613435919 0.0856060606060606
-1.7808207857863332 0.15
1.6580835769856215 -0.06666666666666667
-1.7808207857863332 -0.07272727272727272
1.420950613435919 0.4
2.093131112879345 -0.25
-0.7629151258261991 0.3
0.03186371201740482 0.0
1.573738250328781 0.16666666666666666
0.03186371201740482 0.0625
0.016167796275113354 0.3333333333333333
1.573738250328781 -0.032242063492063495
-0.3394294692697717 0.5291666666666667
-1.1549731036165423 0.06547619047619048
-2.2379103423932225 0.11111111111111112
1.420950613435919 0.17992424242424243
1.6580835769856215 0.004377104377104368
2.093131112879345 0.3
-0.5078197604285718 0.39166666666666666
1.573738250328781 0.125
-2.4823651355966394 0.2579545454545455
-1.1549731036165423 0.5
0.016167796275113354 -0.125
-1.1549731036165423 -0.18124999999999997
-0.3394294692697717 0.17698412698412697
0.09033055653914815 0.014814814814814808
-0.3394294692697717 0.0
-0.5078197604285718 -0.05
-0.3394294692697717 0.23579545454545453
-0.7629151258261991 0.09999999999999998
-2.4823651355966394 -0.1
-2.4823651355966394 0.09166666666666667
-2.4823651355966394 0.1642857142857143
-2.4823651355966394 0.2
2.093131112879345 0.42083333333333334
1.420950613435919 -0.2
-0.3394294692697717 0.0
-0.5078197604285718 -0.062222222222222234
2.093131112879345 -0.125
1.6580835769856215 0.275
1.573738250328781 0.08749999999999997
0.03186371201740482 -0.23703703703703705
1.6580835769856215 0.5
-1.7808207857863332 -0.07272727272727272
-0.5078197604285718 -0.16666666666666666
-0.7629151258261991 0.4672727272727273
-1.7808207857863332 -0.5
1.420950613435919 0.21141774891774892
1.6580835769856215 0.14545454545454545
1.6580835769856215 0.10227272727272727
-1.426758162859832 0.6
-0.11199323930392636 0.11666666666666665
0.4928236936205117 0.140625
-0.16402169802026922 0.0
1.464396768117808 0.0856060606060606
-1.426758162859832 0.15
-1.426758162859832 -0.06666666666666667
1.464396768117808 -0.07272727272727272
-0.4563780363716249 0.4
-1.6436711582568808 -0.25
0.43246290489025696 0.3
-1.426758162859832 0.0
-2.3352170187876222 0.16666666666666666
-1.6436711582568808 0.0625
-1.9649199901862833 0.3333333333333333
-0.16402169802026922 -0.032242063492063495
1.2901673072139603 0.5291666666666667
2.7674010559752746 0.06547619047619048
-0.11199323930392636 0.11111111111111112
0.43246290489025696 0.17992424242424243
-1.6293634436615023 0.004377104377104368
0.8995326109422108 0.3
-1.9649199901862833 0.39166666666666666
-0.11199323930392636 0.125
-2.3352170187876222 0.2579545454545455
0.43246290489025696 0.5
-1.6293634436615023 -0.125
0.0625186097743907 -0.18124999999999997
-1.9649199901862833 0.17698412698412697
1.2901673072139603 0.014814814814814808
-0.1578361419388905 0.0
2.001076077575017 -0.05
-3.0576136926049857 0.23579545454545453
0.8995326109422108 0.09999999999999998
-2.5997011811948023 -0.1
-0.11199323930392636 0.09166666666666667
0.43246290489025696 0.1642857142857143
-0.4563780363716249 0.2
0.43246290489025696 0.42083333333333334
1.9160379059685853 -0.2
-0.16402169802026922 0.0
-0.1578361419388905 -0.062222222222222234
-0.1578361419388905 -0.125
-0.1578361419388905 0.275
0.0625186097743907 0.08749999999999997
-2.5997011811948023 -0.23703703703703705
-1.9649199901862833 0.5
-1.426758162859832 -0.07272727272727272
-0.4563780363716249 -0.16666666666666666
-2.3352170187876222 0.4672727272727273
-0.1578361419388905 -0.5
3.6812108792567586 0.21141774891774892
0.2299562573982698 0.14545454545454545
-0.35912503838180454 0.10227272727272727
2.43400692813305 0.6
-0.35912503838180454 0.11666666666666665
-1.7905881022101038 -0.2
-0.3885750818734217 0.0
-2.3704924659938857 -0.26666666666666666
2.5721228222581876 0.05
-1.3106063053695307 -0.35
-0.35912503838180454 0.09911616161616162
-1.0418257862013778 0.0
2.5721228222581876 0.7
-2.3704924659938857 -0.3
-1.7905881022101038 0.17500000000000002
3.6812108792567586 0.35
1.905680580322739 0.125
-1.8901408920542409 0.08749999999999997
0.2299562573982698 -0.023809523809523808
-0.06106888894206574 0.13333333333333333
0.8325434903714349 0.140625
2.5721228222581876 0.0
-0.18142956445122907 0.0856060606060606
-0.3885750818734217 0.15
3.6812108792567586 -0.06666666666666667
0.8325434903714349 -0.07272727272727272
-2.0712533628100385 0.4
-0.3885750818734217 -0.25
0.8325434903714349 0.3
-0.06106888894206574 0.0
-2.0712533628100385 0.16666666666666666
1.905680580322739 0.0625
0.47164544826600613 0.3333333333333333
2.43400692813305 -0.032242063492063495
-2.197726226121037 0.5291666666666667
-2.3704924659938857 0.06547619047619048
-2.3704924659938857 0.11111111111111112
0.2299562573982698 0.17992424242424243
-2.3704924659938857 0.004377104377104368
-1.7905881022101038 0.3
-1.0418257862013778 0.39166666666666666
2.5721228222581876 0.125
4.003169358075716 0.2579545454545455
-1.8901408920542409 0.5
-0.18142956445122907 -0.125
0.47164544826600613 -0.18124999999999997
-0.6274029028954803 0.17698412698412697
-0.06106888894206574 0.014814814814814808
-0.18142956445122907 0.0
-1.7905881022101038 -0.05
-0.6274029028954803 0.23579545454545453
-1.0418257862013778 0.09999999999999998
-1.7905881022101038 -0.1
-1.3106063053695307 0.09166666666666667
-1.7905881022101038 0.1642857142857143
0.8325434903714349 0.2
6.87956779233871 0.42083333333333334
-1.6986006045418334 -0.2
-1.4300131434874384 0.0
5.146959374850477 -0.062222222222222234
0.6754238133838951 -0.125
-1.6986006045418334 0.275
-1.4300131434874384 0.08749999999999997
-1.071529036971652 -0.23703703703703705
0.26190621512276785 0.5
6.87956779233871 -0.07272727272727272
-1.4300131434874384 -0.16666666666666666
1.5429206675673348 0.4672727272727273
1.5429206675673348 -0.5
-1.6986006045418334 0.21141774891774892
2.510561529180834 0.14545454545454545
0.25843325746613244 0.10227272727272727
-0.7599386293671654 0.6
0.41496266550995276 0.11666666666666665
2.297377958684763 -0.2
-1.5503779142355 0.0
2.510561529180834 -0.26666666666666666
0.4627557321336212 0.05
2.297377958684763 -0.35
2.297377958684763 0.09911616161616162
2.297377958684763 0.0
2.510561529180834 0.7
2.510561529180834 -0.3
2.297377958684763 0.17500000000000002
6.87956779233871 0.35
-1.071529036971652 0.125
-1.4300131434874384 0.08749999999999997
2.510561529180834 -0.023809523809523808
1.5429206675673348 0.13333333333333333
-1.6986006045418334 0.04166666666666666
0.41496266550995276 -0.1272727272727273
-1.6986006045418334 -0.07142857142857142
-1.6986006045418334 -0.05
0.26190621512276785 -0.07272727272727272
0.26190621512276785 0.06439393939393939
-1.5503779142355 0.0
2.297377958684763 0.032467532467532464
2.510561529180834 0.24583333333333335
-1.4300131434874384 0.2
1.956240470069236 -0.4
2.297377958684763 0.25
0.6754238133838951 0.0
0.4627557321336212 0.0
6.87956779233871 0.23141233766233768
1.956240470069236 -0.025
-0.7599386293671654 0.0
1.956240470069236 0.14545454545454545
-1.5909393821733824 0.140625
-1.5909393821733824 0.0
-2.665789634162429 0.0856060606060606
-1.5909393821733824 0.15
1.6764688651057487 -0.06666666666666667
0.13360189164132993 -0.07272727272727272
-0.43763486785709704 0.4
-1.5909393821733824 -0.25
-1.5909393821733824 0.3
-0.46306301237861 0.0
-2.665789634162429 0.16666666666666666
1.4965527614646938 0.0625
-2.769708477738374 0.3333333333333333
-0.46306301237861 -0.032242063492063495
0.366668701171875 0.5291666666666667
0.6572689069395924 0.06547619047619048
-1.5909393821733824 0.11111111111111112
0.366668701171875 0.17992424242424243
0.366668701171875 0.004377104377104368
3.225343505762527 0.3
0.366668701171875 0.39166666666666666
0.060940740494371023 0.125
3.500311448649798 0.2579545454545455
-0.9569401382612635 0.5
-2.769708477738374 -0.125
0.13360189164132993 -0.18124999999999997
1.6764688651057487 0.17698412698412697
-0.43763486785709704 0.014814814814814808
-0.43763486785709704 0.0
2.1255848019622094 -0.05
-0.43763486785709704 0.23579545454545453
1.4965527614646938 0.09999999999999998
2.1255848019622094 -0.1
-1.5909393821733824 0.09166666666666667
-0.43763486785709704 0.1642857142857143
-0.022485408157159898 0.2
1.4965527614646938 0.42083333333333334
-0.43763486785709704 -0.2
-0.9569401382612635 0.0
-0.46306301237861 -0.062222222222222234
-1.5909393821733824 -0.125
-2.665789634162429 0.275
-0.43763486785709704 0.08749999999999997
-2.665789634162429 -0.23703703703703705
-0.022485408157159898 0.5
-0.43763486785709704 -0.07272727272727272
1.6764688651057487 -0.16666666666666666
1.6764688651057487 0.4672727272727273
1.6764688651057487 -0.5
0.13360189164132993 0.21141774891774892
1.4965527614646938 0.14545454545454545
0.5940831935135716 0.10227272727272727
-1.5909393821733824 0.6
-1.5909393821733824 0.11666666666666665
-0.8973498175574998 -0.2
-2.1918222007748187 0.0
1.4965527614646938 -0.26666666666666666
0.060940740494371023 0.05
-0.43763486785709704 -0.35
-1.5909393821733824 0.09911616161616162
1.6764688651057487 0.0
-2.769708477738374 0.7
-2.665789634162429 -0.3
-2.1918222007748187 0.17500000000000002
0.13360189164132993 0.35
-0.46306301237861 0.125
-0.43763486785709704 0.08749999999999997
-0.022485408157159898 -0.023809523809523808
-0.022485408157159898 0.13333333333333333
-1.5909393821733824 0.04166666666666666
-1.4032608423477564 -0.1272727272727273
-2.1918222007748187 -0.07142857142857142
-0.8973498175574998 -0.05
-0.43763486785709704 -0.07272727272727272
-1.4032608423477564 0.06439393939393939
-0.43763486785709704 0.0
1.4965527614646938 0.032467532467532464
-0.43763486785709704 0.24583333333333335
1.6764688651057487 0.2
1.6764688651057487 -0.4
1.6764688651057487 0.25
-2.769708477738374 0.0
-0.022485408157159898 0.0
-1.5909393821733824 0.23141233766233768
-1.5909393821733824 -0.025
-2.1918222007748187 0.0
-2.665789634162429 0.14545454545454545
3.225343505762527 0.14444444444444446
-0.46306301237861 0.37878787878787873
-0.46306301237861 0.38775510204081637
-1.5909393821733824 0.05333333333333334
1.4965527614646938 0.10714285714285714
1.4965527614646938 -0.05
-0.9569401382612635 0.313265306122449
0.13360189164132993 -0.24675324675324678
1.4965527614646938 -0.1
-0.8973498175574998 0.06193181818181817
1.6764688651057487 0.075
-0.43763486785709704 0.22424242424242424
-0.43763486785709704 0.0
-1.5909393821733824 0.11789772727272727
-0.8973498175574998 0.13636363636363635
0.366668701171875 0.0
-0.43763486785709704 0.3666666666666667
3.500311448649798 -0.01
2.1255848019622094 0.140625
-2.769708477738374 0.0
3.500311448649798 0.0856060606060606
2.364564259609047 0.15
-0.7595311343366101 -0.06666666666666667
-4.854337187762826 -0.07272727272727272
-3.3365371027440234 0.4
0.8563733922923056 -0.25
-0.7595311343366101 0.3
-5.540991358189508 0.0
-4.5835745906119 0.16666666666666666
-0.7595311343366101 0.0625
7.582357280522972 0.3333333333333333
-1.8831865742285219 -0.032242063492063495
7.582357280522972 0.5291666666666667
-0.9533168839831352 0.06547619047619048
-0.7595311343366101 0.11111111111111112
-0.9533168839831352 0.17992424242424243
-0.7595311343366101 0.004377104377104368
-2.1693098018201216 0.3
-0.7595311343366101 0.39166666666666666
-0.6956795616919998 0.125
-0.7595311343366101 0.2579545454545455
-2.1693098018201216 0.5
-0.6956795616919998 -0.125
2.364564259609047 -0.18124999999999997
7.582357280522972 0.17698412698412697
7.582357280522972 0.014814814814814808
-0.7595311343366101 0.0
-1.8831865742285219 -0.05
-0.13591727891480582 0.23579545454545453
2.364564259609047 0.09999999999999998
-0.6956795616919998 -0.1
2.364564259609047 0.09166666666666667
2.364564259609047 0.1642857142857143
-1.8831865742285219 0.2
7.582357280522972 0.42083333333333334
-2.113575475685137 -0.2
7.582357280522972 0.0
-2.1693098018201216 -0.062222222222222234
-2.1693098018201216 -0.125
-1.8831865742285219 0.275
-1.7853364919351737 0.08749999999999997
2.7500008637050413 -0.23703703703703705
7.582357280522972 0.5
-2.1693098018201216 -0.07272727272727272
1.6681095703767947 -0.16666666666666666
0.8563733922923056 0.4672727272727273
-2.4219195918949774 -0.5
7.582357280522972 0.21141774891774892
-5.540991358189508 0.14545454545454545
2.2007361171537805 0.10227272727272727
0.8563733922923056 0.6
1.6681095703767947 0.11666666666666665
-5.42307633620042 -0.2
1.7034037036657634 0.0
-0.9833913624552678 -0.26666666666666666
-1.3218065938682022 0.05
0.7568234914243385 -0.35
-1.3218065938682022 0.09911616161616162
-0.8914468035182638 0.0
-1.3218065938682022 0.7
1.7034037036657634 -0.3
0.7568234914243385 0.17500000000000002
-1.3218065938682022 0.35
-1.3218065938682022 0.125
0.7568234914243385 0.08749999999999997
-1.895102692684011 -0.023809523809523808
0.8371615317737224 0.13333333333333333
-2.55999755859375 0.04166666666666666
1.7034037036657634 -0.1272727272727273
-0.9833913624552678 -0.07142857142857142
-2.524305321010558 -0.05
-2.524305321010558 -0.07272727272727272
-5.42307633620042 0.06439393939393939
1.0260000830832054 0.0
0.8371615317737224 0.032467532467532464
1.0260000830832054 0.24583333333333335
-2.524305321010558 0.2
-0.9833913624552678 -0.4
-2.55999755859375 0.25
0.09958023894091055 0.0
1.0260000830832054 0.0
0.8371615317737224 0.23141233766233768
0.8371615317737224 -0.025
0.09958023894091055 0.0
-1.3218065938682022 0.14545454545454545
0.18740343511483126 0.14444444444444446
-5.42307633620042 0.37878787878787873
0.09958023894091055 0.38775510204081637
-0.6617812235802507 0.05333333333333334
0.18740343511483126 0.10714285714285714
-2.8174301050565567 -0.05
-0.6617812235802507 0.313265306122449
-0.6617812235802507 -0.24675324675324678
-2.8174301050565567 -0.1
-0.6617812235802507 0.06193181818181817
0.6722202859397601 0.075
-1.0798136393229165 0.22424242424242424
0.7568234914243385 0.0
-0.8914468035182638 0.11789772727272727
0.6109611143978917 0.13636363636363635
1.0260000830832054 0.0
0.18740343511483126 0.3666666666666667
0.7568234914243385 -0.01
-1.0798136393229165 0.19567099567099566
-1.3871137802232942 0.0
1.8081308640017775 -0.3
-0.6415591375184162 0.75
-0.9932401177816004 0.0
-1.0115901675837884 -0.125
-0.9932401177816004 0.4166666666666667
-0.3490398055835884 0.0
-2.071880672396455 0.0
1.8081308640017775 -0.1
1.8081308640017775 0.14545454545454548
1.5651474144936555 0.06727272727272728
-2.071880672396455 0.25
-1.3871137802232942 0.14166666666666666
-2.9153411457436724 0.05
-2.9153411457436724 -0.22840909090909092
-1.0115901675837884 0.140625
-0.6577588587617987 0.0
0.9538231444202343 0.0856060606060606
-0.3490398055835884 0.15
1.8689558456364492 -0.06666666666666667
1.8081308640017775 -0.07272727272727272
-0.6577588587617987 0.4
-0.3490398055835884 -0.25
1.8081308640017775 0.3
-1.3871137802232942 0.0
0.5293203214255288 0.16666666666666666
-0.3490398055835884 0.0625
0.5293203214255288 0.3333333333333333
-0.6415591375184162 -0.032242063492063495
-1.3871137802232942 0.5291666666666667
0.30049235713655836 0.06547619047619048
1.8081308640017775 0.11111111111111112
-1.3871137802232942 0.17992424242424243
-1.0115901675837884 0.004377104377104368
0.30049235713655836 0.3
1.8081308640017775 0.39166666666666666
-0.9932401177816004 0.125
0.30049235713655836 0.2579545454545455
-1.3871137802232942 0.5
-2.071880672396455 -0.125
1.8081308640017775 -0.18124999999999997
1.5245780531468078 0.17698412698412697
-0.3490398055835884 0.014814814814814808
1.5245780531468078 0.0
1.8081308640017775 -0.05
-0.7272739603061869 0.23579545454545453
-1.3871137802232942 0.09999999999999998
-1.3871137802232942 -0.1
-0.6415591375184162 0.09166666666666667
0.30049235713655836 0.1642857142857143
-1.2197645124363545 0.2
1.8081308640017775 0.42083333333333334
0.30049235713655836 -0.2
1.8081308640017775 0.0
-0.9932401177816004 -0.062222222222222234
-1.5320222933570673 -0.125
0.6915164170916444 0.275
-2.205714634486607 0.08749999999999997
-0.4489813345364865 -0.23703703703703705
0.6915164170916444 0.5
0.12328606471663263 -0.07272727272727272
0.12328606471663263 -0.16666666666666666
1.4286960005487592 0.4672727272727273
-2.7094356383642277 -0.5
-1.6880677356478933 0.21141774891774892
0.6915164170916444 0.14545454545454545
3.653552292753262 0.10227272727272727
0.6915164170916444 0.6
0.10755672011264536 0.11666666666666665
0.12328606471663263 -0.2
2.1643604792351594 0.0
2.1643604792351594 -0.26666666666666666
1.4286960005487592 0.05
0.12328606471663263 -0.35
0.38652315263838194 0.09911616161616162
0.12328606471663263 0.0
-2.205714634486607 0.7
-2.7094356383642277 -0.3
-2.7094356383642277 0.17500000000000002
-1.5320222933570673 0.35
3.2835161674258817 0.125
0.10755672011264536 0.08749999999999997
1.4286960005487592 -0.023809523809523808
-1.5320222933570673 0.13333333333333333
-3.1105758064158047 0.04166666666666666
-0.12112469740316902 -0.1272727272727273
2.1643604792351594 -0.07142857142857142
1.2401711514787155 -0.05
0.6915164170916444 -0.07272727272727272
0.10755672011264536 0.06439393939393939
-4.088898958485012 0.0
3.653552292753262 0.032467532467532464
-0.4489813345364865 0.24583333333333335
-2.7094356383642277 0.2
-2.7094356383642277 -0.4
-2.7094356383642277 0.25
1.2401711514787155 0.0
-0.5143544414165158 0.0
-2.205714634486607 0.23141233766233768
3.2835161674258817 -0.025
3.2835161674258817 0.0
-1.5320222933570673 0.14545454545454545
-0.4489813345364865 0.14444444444444446
1.4286960005487592 0.37878787878787873
-0.5143544414165158 0.38775510204081637
0.12328606471663263 0.05333333333333334
2.3828270918752543 0.10714285714285714
3.26393149590312 -0.05
-0.6857765320227626 0.313265306122449
-0.1268855186129739 -0.24675324675324678
0.22968292236328125 -0.1
-0.6857765320227626 0.06193181818181817
-0.33815642151993647 0.075
2.3828270918752543 0.22424242424242424
0.5368138658260423 0.0
-0.745622370854783 0.11789772727272727
-1.4177623548005758 0.13636363636363635
2.3828270918752543 0.0
-0.1268855186129739 0.3666666666666667
0.6864873453430331 -0.01
0.22968292236328125 0.19567099567099566
1.3457413405967789 0.0
-0.745622370854783 -0.3
-0.745622370854783 0.75
-0.013290108884615195 0.0
-1.2177701756507873 -0.125
-0.013290108884615195 0.4166666666666667
3.26393149590312 0.0
0.22968292236328125 0.0
0.28544651058260306 -0.1
1.1184252485123973 0.14545454545454548
-3.5530034110506885 0.06727272727272728
0.22968292236328125 0.25
-2.4509559169200545 0.14166666666666666
0.22968292236328125 0.05
2.3828270918752543 -0.22840909090909092
0.22968292236328125 0.0
-3.5530034110506885 0.41
-2.4509559169200545 0.4861111111111111
0.28544651058260306 0.2772727272727272
3.151755424487007 0.5
0.5368138658260423 0.05
1.1184252485123973 0.15128787878787878
-1.4177623548005758 0.14047619047619048
1.5987596590989779 0.11212121212121212
-0.745622370854783 -0.2
0.22968292236328125 0.22000000000000003
-2.4509559169200545 -0.18000000000000002
-0.6857765320227626 0.11742424242424242
-0.745622370854783 0.04666666666666667
0.28544651058260306 0.06818181818181818
3.26393149590312 -0.11785714285714288
-0.1268855186129739 0.125
1.3457413405967789 0.20883838383838382
-0.1268855186129739 0.140625
-0.013290108884615195 0.0
-0.6857765320227626 0.0856060606060606
-3.5530034110506885 0.15
0.7392712841333215 -0.06666666666666667
-1.9287780714893534 -0.07272727272727272
0.6204382432873334 0.4
0.7392712841333215 -0.25
-0.5072510690654386 0.3
-0.33712285193153907 0.0
0.0 0.16666666666666666
-0.33712285193153907 0.0625
0.5381152234269899 0.3333333333333333
-2.540253926442539 -0.032242063492063495
-1.7473187982239096 0.5291666666666667
-0.33712285193153907 0.06547619047619048
-0.33712285193153907 0.11111111111111112
0.5979964744956509 0.17992424242424243
0.5979964744956509 0.004377104377104368
0.5381152234269899 0.3
0.0 0.39166666666666666
0.5979964744956509 0.125
-0.5072510690654386 0.2579545454545455
-0.10703063114729501 0.5
0.23210624780258315 -0.125
-0.9079550260964149 -0.18124999999999997
0.0 0.17698412698412697
0.4520431159748167 0.014814814814814808
-0.33712285193153907 0.0
-0.33712285193153907 -0.05
-1.7473187982239096 0.23579545454545453
-0.33712285193153907 0.09999999999999998
0.6204382432873334 -0.1
-1.0211549448082728 0.09166666666666667
-0.33712285193153907 0.1642857142857143
0.5979964744956509 0.2
0.7392712841333215 0.42083333333333334
0.0 -0.2
-0.10703063114729501 0.0
0.6204382432873334 -0.062222222222222234
-0.33712285193153907 -0.125
-0.33712285193153907 0.275
0.7392712841333215 0.08749999999999997
0.6592210333784959 -0.23703703703703705
0.0 0.5
0.0 -0.07272727272727272
-0.10703063114729501 -0.16666666666666666
-2.540253926442539 0.4672727272727273
0.3674458236599255 -0.5
0.6592210333784959 0.21141774891774892
-1.7473187982239096 0.14545454545454545
0.23210624780258315 0.10227272727272727
-0.49964773272614027 0.6
-0.33712285193153907 0.11666666666666665
-1.9287780714893534 -0.2
0.5381152234269899 0.0
-0.9079550260964149 -0.26666666666666666
-0.33712285193153907 0.05
1.971477133054273 -0.35
-1.2403646049385812 0.09911616161616162
0.6182158094411011 0.0
-0.7754786001916558 0.7
-1.1749845701161585 -0.3
-0.377861476272946 0.17500000000000002
-0.551557645151744 0.35
-0.4760176300843754 0.125
-0.377861476272946 0.08749999999999997
0.24414621839254094 -0.023809523809523808
0.24414621839254094 0.13333333333333333
-1.0789968334652524 0.04166666666666666
1.6741182857428114 -0.1272727272727273
-0.23671079808128262 -0.07142857142857142
-0.714624202791417 -0.05
1.6741182857428114 -0.07272727272727272
0.24414621839254094 0.06439393939393939
0.4173876394628704 0.0
-0.4572220558624796 0.032467532467532464
-0.377861476272946 0.24583333333333335
-0.551557645151744 0.2
-1.0789968334652524 -0.4
0.6182158094411011 0.25
-1.0584622896634617 0.0
-0.23671079808128262 0.0
-0.714624202791417 0.23141233766233768
-1.2403646049385812 -0.025
0.6182158094411011 0.0
-0.551557645151744 0.14545454545454545
-1.1749845701161585 0.14444444444444446
0.3569242037259615 0.37878787878787873
0.6182158094411011 0.38775510204081637
-0.377861476272946 0.05333333333333334
2.212765586412424 0.10714285714285714
-0.7754786001916558 -0.05
-1.0584622896634617 0.313265306122449
2.2755085135327486 -0.24675324675324678
-1.2403646049385812 -0.1
-0.9423530188396841 0.06193181818181817
-0.23671079808128262 0.075
1.6741182857428114 0.22424242424242424
0.6182158094411011 0.0
2.212765586412424 0.11789772727272727
2.2755085135327486 0.13636363636363635
-0.7754786001916558 0.0
0.4173876394628704 0.3666666666666667
-0.551557645151744 -0.01
1.6741182857428114 0.19567099567099566
2.2755085135327486 0.0
0.3569242037259615 -0.3
1.971477133054273 0.75
0.4173876394628704 0.0
-0.4760176300843754 -0.125
0.48070152975254204 0.4166666666666667
-0.31634414322948745 0.0
-3.5961989970264856 0.0
1.0227067071396565 -0.1
-2.288421670575325 0.14545454545454548
1.6853177315770413 0.06727272727272728
0.7010994376717034 0.25
1.0227067071396565 0.14166666666666666
3.8276950357431367 0.05
-3.339355795989043 -0.22840909090909092
-3.5961989970264856 0.0
-3.5961989970264856 0.41
1.0227067071396565 0.4861111111111111
-2.288421670575325 0.2772727272727272
1.6853177315770413 0.5
-3.339355795989043 0.05
1.561543438664261 0.15128787878787878
-3.5961989970264856 0.14047619047619048
-3.5961989970264856 0.11212121212121212
1.6853177315770413 -0.2
1.561543438664261 0.22000000000000003
1.422274752898787 -0.18000000000000002
1.4473074421925098 0.11742424242424242
-0.8772752394821094 0.04666666666666667
3.407422694934633 0.06818181818181818
1.0227067071396565 -0.11785714285714288
1.9433008971105643 0.125
-1.2933558500113154 0.20883838383838382
-1.2933558500113154 0.0
-0.31634414322948745 -0.16
1.561543438664261 0.1
2.855570497691566 0.4
-2.288421670575325 0.0909090909090909
1.422274752898787 0.2722222222222222
1.0227067071396565 -0.10000000000000002
1.422274752898787 0.24727272727272726
1.422274752898787 0.25
-3.339355795989043 0.11666666666666665
-0.31634414322948745 0.13636363636363635
-1.2933558500113154 0.2
1.4473074421925098 0.42857142857142855
1.422274752898787 0.0
-3.5378294471603233 0.275
-3.5378294471603233 0.25
1.4473074421925098 0.11904761904761905
1.422274752898787 0.140625
-1.2933558500113154 0.0
2.855570497691566 0.0856060606060606
2.855570497691566 0.15
-3.5961989970264856 -0.06666666666666667
1.561543438664261 -0.07272727272727272
-0.8772752394821094 0.4
-0.31634414322948745 -0.25
0.4807692307692308 0.3
-1.569377406362141 0.0
1.873682925575658 0.16666666666666666
-3.203123760176841 0.0625
0.21079741086260811 0.3333333333333333
6.083023209524482 -0.032242063492063495
0.21079741086260811 0.5291666666666667
0.21079741086260811 0.06547619047619048
-0.14749198519710957 0.11111111111111112
-0.5499118617724078 0.17992424242424243
6.083023209524482 0.004377104377104368
-3.451738224964701 0.3
0.5561461423170121 0.39166666666666666
0.21079741086260811 0.125
6.083023209524482 0.2579545454545455
-1.4335464605579222 0.5
1.873682925575658 -0.125
-0.3920731124608356 -0.18124999999999997
-3.451738224964701 0.17698412698412697
1.873682925575658 0.014814814814814808
-0.3920731124608356 0.0
2.437954403935313 -0.05
1.873682925575658 0.23579545454545453
-1.569377406362141 0.09999999999999998
0.2740903800944063 -0.1
-0.3920731124608356 0.09166666666666667
-1.4335464605579222 0.1642857142857143
2.854081275975347 0.2
2.437954403935313 0.42083333333333334
-3.451738224964701 -0.2
-0.14749198519710957 0.0
0.21079741086260811 -0.062222222222222234
0.5561461423170121 -0.125
-3.203123760176841 0.275
-2.3101643445020055 0.08749999999999997
6.083023209524482 -0.23703703703703705
0.4807692307692308 0.5
0.4807692307692308 -0.07272727272727272
-3.451738224964701 -0.16666666666666666
1.873682925575658 0.4672727272727273
-1.569377406362141 -0.5
-1.569377406362141 0.21141774891774892
-3.203123760176841 0.14545454545454545
2.138265794367774 0.10227272727272727
-1.4335464605579222 0.6
-2.3101643445020055 0.11666666666666665
-1.569377406362141 -0.2
-0.7036286147508889 0.0
0.2920516148736352 -0.26666666666666666
-3.203123760176841 0.05
-2.3101643445020055 -0.35
0.21079741086260811 0.09911616161616162
-1.7328818683697265 0.0
-2.3101643445020055 0.7
6.083023209524482 -0.3
-2.171045526694199 0.17500000000000002
-1.290501037942995 0.35
2.2164034259419454 0.125
-2.47309258643617 0.08749999999999997
-3.5197653852455475 -0.023809523809523808
-1.512113421645404 0.13333333333333333
1.2212964177929406 0.04166666666666666
-0.740032835894043 -0.1272727272727273
-2.139271597885378 -0.07142857142857142
-2.171045526694199 -0.05
-0.740032835894043 -0.07272727272727272
-1.512113421645404 0.06439393939393939
-1.290501037942995 0.0
0.6384790646765685 0.032467532467532464
0.6384790646765685 0.24583333333333335
-2.47309258643617 0.2
-1.290501037942995 -0.4
-1.290501037942995 0.25
0.7675957509644977 0.0
-1.0163136017628205 0.0
-2.47309258643617 0.23141233766233768
1.2212964177929406 -0.025
-2.139271597885378 0.0
0.7675957509644977 0.14545454545454545
-1.0163136017628205 0.14444444444444446
2.2164034259419454 0.37878787878787873
-3.5197653852455475 0.38775510204081637
-0.10824347334512548 0.05333333333333334
-1.290501037942995 0.10714285714285714
1.2212964177929406 -0.05
-2.47309258643617 0.313265306122449
-1.290501037942995 -0.24675324675324678
1.9428072403862042 -0.1
2.2164034259419454 0.06193181818181817
-3.605504867133744 0.075
2.2164034259419454 0.22424242424242424
-3.5197653852455475 0.0
2.1008822138866403 0.11789772727272727
0.5223024158421669 0.13636363636363635
0.5223024158421669 0.0
1.9428072403862042 0.3666666666666667
-2.139271597885378 -0.01
-2.171045526694199 0.19567099567099566
-1.512113421645404 0.0
-0.6850815316063972 -0.3
-1.290501037942995 0.75
-2.139271597885378 0.0
2.3291157822787425 -0.125
-1.290501037942995 0.4166666666666667
-0.10824347334512548 0.0
-2.171045526694199 0.0
-0.740032835894043 -0.1
-3.5197653852455475 0.14545454545454548
-2.0754631224754605 0.06727272727272728
2.6960489823930587 0.25
-2.935128890517839 0.14166666666666666
2.6960489823930587 0.05
-3.2578628858131626 -0.22840909090909092
0.0 0.0
1.0390225259116503 0.41
-0.40774883239530907 0.4861111111111111
-3.2578628858131626 0.2772727272727272
1.0390225259116503 0.5
-1.3353478665945175 0.05
1.389516696374435 0.15128787878787878
1.599078867264364 0.14047619047619048
1.389516696374435 0.11212121212121212
-0.08684286571423784 -0.2
4.108563584499492 0.22000000000000003
0.0 -0.18000000000000002
-3.2578628858131626 0.11742424242424242
-1.3268574937283744 0.04666666666666667
2.6960489823930587 0.06818181818181818
-2.935128890517839 -0.11785714285714288
1.0390225259116503 0.125
0.7967885752580808 0.20883838383838382
-2.0754631224754605 0.0
2.6960489823930587 -0.16
-2.533236719247025 0.1
-2.935128890517839 0.4
-2.533236719247025 0.0909090909090909
1.0390225259116503 0.2722222222222222
-3.2578628858131626 -0.10000000000000002
-3.2578628858131626 0.24727272727272726
-4.182854190664005 0.25
-0.40774883239530907 0.11666666666666665
1.389516696374435 0.13636363636363635
1.389516696374435 0.2
-4.182854190664005 0.42857142857142855
-0.40774883239530907 0.0
-1.3268574937283744 0.275
-2.533236719247025 0.25
-2.533236719247025 0.11904761904761905
-4.182854190664005 0.2787878787878788
4.108563584499492 0.10727272727272727
-1.3353478665945175 -0.025
-4.182854190664005 0.024074074074074067
1.599078867264364 0.35000000000000003
-1.3353478665945175 0.1642857142857143
4.108563584499492 -0.05
-1.473029074981146 0.25
0.7769092141973126 0.17992424242424243
-3.1046811332899984 0.049999999999999996
1.92560867613674 0.0507260101010101
-1.2474601892229151 0.004377104377104368
-2.6164670277176056 0.16666666666666666
-0.7467676420166729 0.17698412698412697
0.5092275642244187 0.2333333333333333
0.5092275642244187 0.1434659090909091
2.0210807725991073 0.06818181818181818
3.79055673911882 0.1
-0.563113163094881 0.29500000000000004
-0.32374026040607284 0.140625
4.845163308266366 0.0
-0.32374026040607284 0.0856060606060606
2.5603302559041348 0.15
0.5092275642244187 -0.06666666666666667
0.5092275642244187 -0.07272727272727272
-3.1046811332899984 0.4
2.5603302559041348 -0.25
-0.7467676420166729 0.3
-3.1046811332899984 0.0
-0.32374026040607284 0.16666666666666666
-2.0727741183433137 0.0625
2.5603302559041348 0.3333333333333333
2.1580297208030452 -0.032242063492063495
2.5603302559041348 0.5291666666666667
-3.1046811332899984 0.06547619047619048
2.1580297208030452 0.11111111111111112
1.92560867613674 0.17992424242424243
2.1580297208030452 0.004377104377104368
-0.7467676420166729 0.3
4.845163308266366 0.39166666666666666
-2.6164670277176056 0.125
4.845163308266366 0.2579545454545455
3.79055673911882 0.5
-5.397992314453588 -0.125
-0.563113163094881 -0.18124999999999997
-3.7254508510351045 0.17698412698412697
3.79055673911882 0.014814814814814808
3.79055673911882 0.0
-0.19245280193043066 -0.05
-5.397992314453588 0.23579545454545453
-1.473029074981146 0.09999999999999998
-0.7467676420166729 -0.1
4.845163308266366 0.09166666666666667
-3.1046811332899984 0.1642857142857143
2.5603302559041348 0.2
-0.7467676420166729 0.42083333333333334
0.5092275642244187 -0.2
1.92560867613674 0.0
-1.3903149095614273 -0.062222222222222234
4.618565534625893 -0.125
4.618565534625893 0.275
0.8741301823580377 0.08749999999999997
-2.7981213798692686 -0.23703703703703705
-1.3903149095614273 0.5
0.8741301823580377 -0.07272727272727272
-1.0664678234673548 -0.16666666666666666
-2.7981213798692686 0.4672727272727273
-1.0664678234673548 -0.5
-0.9073574878224753 0.21141774891774892
-2.346255138539177 0.14545454545454545
-0.853953154098106 0.10227272727272727
4.618565534625893 0.6
-2.7981213798692686 0.11666666666666665
4.618565534625893 -0.2
-2.35037096927688 0.0
1.8928759577449754 -0.26666666666666666
1.932930719487266 0.05
-0.5714285714285714 -0.35
-3.318253894826125 0.09911616161616162
-0.5714285714285714 0.0
-2.7981213798692686 0.7
-1.5501771716114008 -0.3
-0.853953154098106 0.17500000000000002
-1.679739948004777 0.35
1.8928759577449754 0.125
-1.679739948004777 0.08749999999999997
-0.853953154098106 -0.023809523809523808
-2.346255138539177 0.13333333333333333
-2.7981213798692686 0.04166666666666666
-3.318253894826125 -0.1272727272727273
4.618565534625893 -0.07142857142857142
-2.7981213798692686 -0.05
0.8741301823580377 -0.07272727272727272
-2.346255138539177 0.06439393939393939
-1.0664678234673548 0.0
-1.5501771716114008 0.032467532467532464
1.8928759577449754 0.24583333333333335
-1.0664678234673548 0.2
4.618565534625893 -0.4
3.1740039646373037 0.25
-0.5714285714285714 0.0
-1.5501771716114008 0.0
-3.318253894826125 0.23141233766233768
1.8928759577449754 -0.025
-0.6294160730698529 0.0
-1.5501771716114008 0.14545454545454545
-1.679739948004777 0.14444444444444446
-1.5501771716114008 0.37878787878787873
-1.0664678234673548 0.38775510204081637
-1.873332378601477 0.05333333333333334
-0.5674757756214988 0.10714285714285714
-0.5674757756214988 -0.05
-0.5674757756214988 0.313265306122449
-0.5674757756214988 -0.24675324675324678
-0.5674757756214988 -0.1
1.0179905111064 0.06193181818181817
1.3072051780840481 0.075
0.6636344800898476 0.22424242424242424
-1.1675431504420948 0.0
0.6636344800898476 0.11789772727272727
-1.7475152083641352 0.13636363636363635
-1.388802338448819 0.0
0.6636344800898476 0.3666666666666667
-1.873332378601477 -0.01
-1.7475152083641352 0.19567099567099566
1.5941812480293596 0.0
-1.7475152083641352 -0.3
-0.5674757756214988 0.75
-0.553779514190445 0.0
-2.0650743275326167 -0.125
1.3072051780840481 0.4166666666666667
-0.553779514190445 0.0
-0.5674757756214988 0.0
0.6636344800898476 -0.1
-0.5674757756214988 0.14545454545454548
0.6636344800898476 0.06727272727272728
1.5941812480293596 0.25
1.5941812480293596 0.14166666666666666
-0.5674757756214988 0.05
-0.5674757756214988 -0.22840909090909092
-1.0514870979867088 0.0
1.5941812480293596 0.41
-0.5674757756214988 0.4861111111111111
1.5941812480293596 0.2772727272727272
-1.1675431504420948 0.5
-0.5674757756214988 0.05
-0.5674757756214988 0.15128787878787878
-1.873332378601477 0.14047619047619048
1.5941812480293596 0.11212121212121212
-0.5674757756214988 -0.2
4.025309891190401 0.22000000000000003
2.1439508796835876 -0.18000000000000002
1.5941812480293596 0.11742424242424242
-0.5674757756214988 0.04666666666666667
-0.5674757756214988 0.06818181818181818
-0.5674757756214988 -0.11785714285714288
-0.5674757756214988 0.125
-1.1675431504420948 0.20883838383838382
1.5941812480293596 0.0
0.6636344800898476 -0.16
0.6636344800898476 0.1
-1.388802338448819 0.4
2.1439508796835876 0.0909090909090909
